2.46639
2.7588
0.358
5.22519
2.71979
0.699
7.94498
2.79749
0.206
10.74248
2.75947
0.733
13.50194
2.72624
0.846
16.22818
2.72655
0.28
18.95473
2.73662
0.817
21.69135
2.74031
0.734
24.43165
2.73287
0.566
27.16453
2.72126
0.615
29.88579
2.73035
0.741
32.61614
2.72529
0.827
35.34142
2.71641
0.207
38.05783
2.72502
0.719
40.78286
2.72832
0.266
43.51118
2.72946
0.76
46.24064
2.72011
0.894
48.96076
2.72741
0.559
51.68817
2.73129
0.765
54.41946
2.73171
0.807
57.15116
2.73225
0.245
59.88341
2.71761
0.643
62.60102
2.73073
0.506
65.33175
2.72359
0.142
68.05535
2.71532
0.149
70.77067
2.73172
0.328
73.50239
2.72952
0.654
76.23191
2.73128
0.508
78.96319
2.73393
0.41
81.69713
2.72245
0.282
84.41958
2.7273
0.609
87.14688
2.73387
0.11
89.88075
2.72812
0.172
92.60887
2.73076
0.081
95.33963
2.72396
0.171
98.06358
2.72036
0.448
100.78394
2.72614
0.556
103.51008
2.72526
0.345
106.23534
2.72903
0.473
108.96437
2.74423
0.347
111.7086
2.70163
0.698
114.41024
2.70827
0.43
117.1185
2.73358
0.213
119.85208
2.72033
0.324
122.57241
2.6819
0.303
125.25431
2.58535
0.228
127.83966
2.66176
0.028
130.50142
2.79465
0.796
133.29607
2.81117
0.348
136.10724
2.8359
0.232
138.94313
2.86167
0.6
141.8048
2.77295
0.811
144.57775
2.73197
0.333
147.30973
2.77432
0.307
150.08404
0.6962
0.4
150.78024
2.7532
0.761
153.53344
2.77112
0.66
156.30456
2.81233
0.673
159.1169
2.77884
0.262
161.89573
2.73938
0.252
164.63511
2.71488
0.562
167.34999
2.70367
0.591
170.05366
2.59135
0.658
172.64501
2.57994
0.133
175.22494
2.58071
0.675
177.80565
2.41753
0.726
180.22319
2.47697
0.411
182.70016
2.56414
0.483
185.26431
2.65555
0.555
187.91986
2.89912
0.791
190.81898
1.48308
0.321
192.30206
2.86674
0.219
195.1688
2.67426
0.648
197.84306
2.60225
0.259
200.44532
2.69066
0.775
203.13598
2.83924
0.403
205.97523
2.72982
0.366
208.70505
2.63386
0.418
211.33891
1.97721
0.455
213.31612
2.60508
0.672
215.9212
2.64967
0.768
218.57087
2.72987
0.221
221.30074
2.66579
0.644
223.96652
2.58053
0.864
226.54706
2.57309
0.8
229.12015
2.58254
0.362
231.70269
2.58371
0.471
234.2864
2.57896
0.45
236.86536
2.58462
0.523
239.44998
2.58536
0.264
242.03535
2.58289
0.14
244.61823
2.5831
0.393
247.20133
2.58807
0.427
249.7894
2.59054
0.75
252.37994
2.56451
0.757
254.94444
2.57067
0.262
257.51511
2.58098
0.64
260.09609
2.57604
0.266
262.67213
2.56353
0.233
265.23567
2.60015
0.255
267.83582
2.57886
0.658
270.41468
2.58008
0.91
272.99476
2.58361
0.593
275.57837
2.59024
0.857
278.16861
2.58076
0.669
280.74938
1.2883
0.75
282.03767
2.58628
0.765
284.62396
2.57715
0.424
287.20111
2.5757
0.435
289.77681
2.57755
0.071
292.35436
2.57815
0.698
294.93251
2.58058
0.549
297.5131
2.57877
0.558
300.09186
2.57897
0.726
302.67083
2.58149
0.407
305.25232
2.57836
0.759
307.83068
2.64132
0.498
310.47201
2.59378
0.437
313.06579
3.74597
0.177